index,LapTimeSeconds,Sector1TimeSeconds,Sector2TimeSeconds,Sector3TimeSeconds,n_samples,speed_mean,speed_std,speed_min,speed_max,speed_median,speed_range,throttle_mean,throttle_std,throttle_min,throttle_max,throttle_median,brake_mean,brake_std,brake_min,brake_max,brake_median,rpm_mean,rpm_std,rpm_min,rpm_max,rpm_median,gear_mean,gear_std,gear_min,gear_max,gear_median,throttle_zero_frac,throttle_low_frac,throttle_mid_frac,throttle_high_frac,throttle_full_frac,brake_active_frac,brake_hard_frac,drs_active_frac,first_brake_frac_pos,last_brake_frac_pos,first_full_throttle_frac_pos,last_full_throttle_frac_pos,gear_change_count,brake_on_count,drs_toggle_count,speed_diff_mean,speed_diff_std,speed_diff_abs_mean,speed_diff_abs_max,throttle_diff_mean,throttle_diff_std,throttle_diff_abs_mean,throttle_diff_abs_max,brake_diff_mean,brake_diff_std,brake_diff_abs_mean,brake_diff_abs_max,rpm_diff_mean,rpm_diff_std,rpm_diff_abs_mean,rpm_diff_abs_max,speed_cv,rpm_cv,sector_sum_seconds,sector1_share,sector2_share,sector3_share,speed_p10,speed_p25,speed_p75,speed_p90,throttle_p10,throttle_p25,throttle_p75,throttle_p90,brake_p90
LapTimeSeconds,1.0,0.682320820690963,0.6134515237002401,0.5126720052178867,0.9844034504716016,0.02468707532130125,0.31060954523011225,-0.10658000832734495,0.16537375000674995,0.044156492038874624,0.23512361028666198,0.04047795808061333,0.005894685801807597,,-0.003433530813519367,0.2625823516009314,-0.08055759326502081,-0.06497416201870591,,-0.012230166454082501,,-0.10216632335990324,0.23461183990365594,-0.18224924951253801,0.004718550278463254,-0.017040968233359436,0.06418092975341946,0.2420595403566912,0.04684469951468306,0.15917856998702037,0.08257974920560737,-0.005303017848477898,-0.05820578398620875,0.025188780756631602,0.02949364818802642,0.03761290395218374,-0.08055759326502081,,-0.012230166454082501,-0.20107992145277534,0.05522191264944485,0.01715279592993337,0.044552327779181916,0.5119571496755712,0.17472704145391368,,0.047551887199172166,-0.025089498890278523,-0.08867677763666262,0.04582283222499911,0.0298856989081403,-0.3432294170815041,-0.2873014192266903,-0.009192631375744557,,-0.25632752977821804,-0.2634939664105459,-0.012230166454082501,-0.08520143523165823,-0.020602436930965088,-0.08090079256488668,0.10719218200931696,0.17860449620231272,0.22300874971154702,1.0,0.14353239369685672,-0.10103120076409672,-0.015622233716274456,-0.16042681417617796,-0.12047580899777668,0.18282045213540302,0.16709542256538276,-0.016798350119946688,-0.0613610400207807,-0.015282174517111322,-0.016009022043820268,-0.041532819167829076
Sector1TimeSeconds,0.682320820690963,1.0,0.21842618280113804,0.06597915777821232,0.6689570256964152,0.1677813921960491,0.06497272607089818,0.20384239915759825,0.21382295351794522,0.09888473740147324,0.03699796933816398,0.14345055240622911,-0.15066961224047212,,-0.020516468280716873,0.22903547512473899,-0.1706625707928497,-0.16384221456141118,,-0.02009153750481378,,0.044872202076596215,-0.025222789415493763,0.09182923832954897,0.013604267089096485,0.036414652535402436,0.1762946637186509,-0.014975192916408473,0.27361128854579714,0.18343118180683374,0.09638801889100587,-0.09683340393955193,-0.1575231625073891,-0.03872935664880177,0.13057612272078475,0.11497271031376104,-0.1706625707928497,,-0.02009153750481378,0.11741213110180061,-0.23137444057075363,0.022996353191059606,0.0363479962655874,0.17238845601238725,0.15122919701218673,,0.2372595680059877,-0.2668223440715293,-0.26062466464166173,-0.06341203549575479,0.09447375118952765,-0.2170083248983279,-0.16434531071593367,-0.02460627269080455,,-0.13526841175938417,-0.1512034404900046,-0.02009153750481378,-0.06376335301793887,-0.21438543081302341,-0.24013411385367406,-0.022862070381195986,-0.0636984459256311,-0.03292442783284311,0.6823208206909632,0.8175598971052292,-0.34531829588032054,-0.3248486541814649,0.1605218586663508,0.09984668313201432,0.23746246485460729,0.1672297663231054,0.08375768357605885,0.10458173263137063,-0.017615444317750997,-0.018751798129498523,-0.10188613726123416
Sector2TimeSeconds,0.6134515237002401,0.21842618280113804,1.0,-0.14647388807386452,0.599045251637259,-0.29122107594576907,0.22976679362037855,-0.41795457402433184,-0.15358873697178008,-0.2422055321155304,0.18563862635250414,-0.22930802114959678,0.21873118334876127,,-0.00013837200956477326,-0.02706480580016846,0.18392071161510573,0.17461159164160442,,-0.0054262050463983,,-0.270202779557811,0.3828929566901431,-0.4230122007025977,4.87987076329742e-05,-0.16789287004307285,-0.2407163590198,0.27361233528130957,-0.2774913080816858,-0.04338456618759822,-0.1884942522612875,0.16760033490340365,0.17897671282220096,0.27018611549318583,-0.2557547497975102,-0.24678091489940626,0.18392071161510573,,-0.0054262050463983,-0.21645394422184513,0.1117507811956627,0.009461209688911778,0.023607470271566528,0.49018723908188205,0.27353457611929344,,-0.035683188842461314,0.15046185860568106,0.20956026951003176,-0.005336900263869065,-0.043888174483135596,-0.011099138247602813,0.07084466421410666,0.007466539259992909,,0.005490010903928137,0.010621291164907681,-0.0054262050463983,-0.015520568536852082,0.2889163494633012,0.24930251198794956,0.2397880786433064,0.323429984317655,0.3887650445508192,0.6134515237002398,-0.21683069658443252,0.7189533678805456,-0.5567770100040055,-0.389966421419095,-0.3009546227404973,-0.1674660748265946,-0.14719733563019224,-0.07369676857411343,-0.30847913004694305,-0.009966636811440142,-0.006806348441884384,0.03362124114935957
Sector3TimeSeconds,0.5126720052178867,0.06597915777821232,-0.14647388807386452,1.0,0.5121774896553611,0.19077968001983697,0.25363747373078854,0.055897367013489165,0.25571066389426195,0.23789720263195527,0.1910788809113912,0.177118976961895,-0.07731985968484979,,0.012892855711618283,0.28333043081074666,-0.17628754355558485,-0.14529120422572497,,0.00236943383773073,,0.0569507222169572,0.043384492603151595,0.029789207089347347,-0.0041744705235122175,0.10990902463490934,0.20078878520545607,0.1601556655665459,0.11870405140751818,0.15870282757851,0.2528024806510732,-0.09375284813856766,-0.1436032560529057,-0.19908418777967377,0.19680165385924742,0.21625054866174254,-0.17628754355558485,,0.00236943383773073,-0.24058891702307766,0.19480844746210435,-0.0004762517974503915,0.021228468803133834,0.2428506789381761,-0.11178299199612302,,-0.09664154171226294,0.0449640905903738,-0.13458631197023357,0.14500494197561958,0.011621511337651824,-0.39793819021171495,-0.4318260033476758,-0.001426714897540984,,-0.3360338116128184,-0.33941531325591945,0.00236943383773073,-0.07650006656674077,-0.13836044231394348,-0.18069664422546539,-0.03680584301250794,0.04083348379510109,0.023779484841328913,0.5126720052178867,-0.27201025005019,-0.6053329184342474,0.8461707767361739,-0.028749128681507245,0.005793064601280094,0.27929007889715046,0.2949395400665391,-0.03051129528849105,0.11405672789141577,-0.0006226860957526475,-0.004135305271817868,-0.014856145478323979
n_samples,0.9844034504716016,0.6689570256964152,0.599045251637259,0.5121774896553611,1.0,0.034617245957212384,0.322771070982632,-0.09955965126540531,0.1845558151033173,0.05167758841871841,0.24724775729783452,0.04928335985851883,0.014564985173747715,,0.01141115550574526,0.26351487265219525,-0.07779800300331696,-0.058827365337786486,,0.002897555552009746,,-0.08467840396268307,0.23092649389346345,-0.16595186059809447,0.018034978671763405,0.00018300863147193672,0.06949445418849093,0.2539422401514003,0.04174996916471088,0.16771713241625208,0.08425116804335117,-0.007658927076287418,-0.06364799278402888,0.012750591061984534,0.039275409335332585,0.05042219446787094,-0.07779800300331696,,0.002897555552009746,-0.20768500481100502,0.02154911030888783,0.016836648063111193,0.04183210469224084,0.5082201797134611,0.16781335846643228,,0.0543344239154439,-0.047132508824241325,-0.10671835955547855,0.03636273529077503,0.028705080284491803,-0.3576498148134366,-0.30602363740020433,0.0034587310135843763,,-0.2665009795401537,-0.2753296565631089,0.002897555552009746,-0.08294167628968538,-0.03045116622623529,-0.08893508915494619,0.08655941189757485,0.18249635096431316,0.21654779838594543,0.9844034504716012,0.13593777076919364,-0.10426307250889723,-0.006005178143905593,-0.15606626782450742,-0.11944657445809485,0.1995471998714524,0.1854630411658138,-0.014174559835279156,-0.05341155549557183,0.002141733866230491,0.0002313305576956738,-0.0349252636019947
speed_mean,0.02468707532130125,0.1677813921960491,-0.29122107594576907,0.19077968001983697,0.034617245957212384,1.0,-0.1218956230827337,0.5664072780115839,0.6211274896416109,0.9782384200432882,0.12758159015773016,0.9452755449986808,-0.5373713988438978,,0.3378879604065589,0.6920010810652244,-0.7568417477848824,-0.6237006198799839,,0.33890052278449134,,0.7856459229478637,-0.5949351845347602,0.5858262807040626,0.23619945419542734,0.6252875553443252,0.9788628696517265,-0.22963824853624298,0.5252799953086181,0.5955361608183767,0.8913088728280447,-0.732148816413166,-0.9055983779536023,-0.6184153267577636,0.9385941520342622,0.9303625813626358,-0.7568417477848824,,0.33890052278449134,0.21589998224999285,-0.18062216352837118,-0.004235144349051574,0.05421558946599956,-0.3792759987031819,-0.5914111255086266,,0.07330689347645546,-0.38014347211916,-0.6755622877186938,0.06424091426767928,0.09011056035609201,-0.46328024225727926,-0.6556384973833189,0.28228326132210463,,-0.5456004884931042,-0.6124670126579482,0.33890052278449134,0.016836633820476215,-0.7270303784633828,-0.7982297872575804,-0.300697483593961,-0.7491507842976801,-0.7369270232134855,0.024687075321301318,0.20589445088450692,-0.399156442747154,0.23812604044260854,0.8237112620565938,0.9031273862460123,0.9024714439839391,0.7336292294279763,0.21039880580852682,0.86770811636954,0.33382747646807803,0.33541451284492646,0.049437574513242086
speed_std,0.31060954523011225,0.06497272607089818,0.22976679362037855,0.25363747373078854,0.322771070982632,-0.1218956230827337,1.0,-0.4166519321445434,0.5401594109525064,-0.10482351687405833,0.8215418280300429,-0.265615917691729,0.491490455389749,,0.27138677210653206,-0.022835465805477722,0.3189509266291244,0.3840098760284405,,0.27076192385020836,,-0.08882286712762541,0.7446107244529756,-0.3548197867004303,0.3628727634734159,0.17337961988275583,-0.10402146423258282,0.9210254149979308,-0.3019446113598789,0.23338186748420814,-0.01893096982792767,0.17161375901477408,0.19345967578472237,0.31944602020942303,-0.2894588374552979,-0.25513071443921836,0.3189509266291244,,0.27076192385020836,-0.1362817094518878,-0.11664825637051365,0.062427402750370516,-0.04960558775298424,0.24184005135877815,0.1775658837089354,,-0.02686128664167925,0.3900681401242214,0.29320267274813827,0.16916003123216242,-0.01003044272318872,-0.1569628384218779,-0.07931958726718837,0.2691435717283958,,0.07710352845240062,0.04075975860588234,0.27076192385020836,0.06650054483020618,0.3858693075787772,0.3139516062939433,0.21962744160189274,0.8139018017178314,0.7117271369849079,0.3106095452301121,-0.15576777789783236,0.04057359719160337,0.08773736046899608,-0.6018735390825241,-0.49380490901345747,0.2998975761697122,0.5303419544910646,-0.17654382441775826,-0.3956465258987527,0.26083333017671767,0.2631400732086801,0.20280906137940533
speed_min,-0.10658000832734495,0.20384239915759825,-0.41795457402433184,0.055897367013489165,-0.09955965126540531,0.5664072780115839,-0.4166519321445434,1.0,0.3161469592041084,0.524601876920008,-0.49128536286030094,0.6038359996171174,-0.3598311671505637,,0.1809976996147817,0.5313126469062974,-0.46368175228964137,-0.37492534597228566,,0.1779979676143845,,0.5506813748878909,-0.6764166149063516,0.879905998296987,0.0568783531335155,0.37767153656541,0.5384275349193935,-0.4929186668440321,0.8227522522683134,0.41764354056448616,0.44253551438308036,-0.4729147609731608,-0.5762936119995739,-0.36013685220372654,0.581430881498571,0.5446498190755282,-0.46368175228964137,,0.1779979676143845,0.2632451197927899,-0.3756844073180392,-0.024997435404570285,0.04387926724376411,-0.3368212461051713,-0.32040242281962494,,0.1746719938137305,-0.37172818621515447,-0.47402408960807885,0.019942012231787057,0.10555275796304793,-0.15276574185190667,-0.26819722806100044,0.14471040868255755,,-0.24501571600045893,-0.2881306478632997,0.1779979676143845,0.0740667786094223,-0.5476424013249437,-0.5401413082918519,-0.3270119197548772,-0.6800126078123895,-0.7302321247704078,-0.10658000832734475,0.38760939396108157,-0.45534314926269115,0.1448479254543511,0.6862917832877227,0.5471587648813009,0.37110692623463654,0.24769388249088015,0.14658707921976316,0.5277220355502472,0.18545957021942505,0.18088108555817956,-0.000745401615022599
speed_max,0.16537375000674995,0.21382295351794522,-0.15358873697178008,0.25571066389426195,0.1845558151033173,0.6211274896416109,0.5401594109525064,0.3161469592041084,1.0,0.5543238853048019,0.6710069797829964,0.5048996498502821,0.10952641078090128,,0.6469303564680009,0.5799784822781727,-0.20220339780437774,-0.01307997155068178,,0.6487515804797797,,0.6686124241876503,0.0729446530581506,0.3464846954764488,0.598325469234346,0.7584941615849765,0.6111646675170577,0.38963575813401435,0.32726459286675796,0.8188434713273431,0.5386951226432539,-0.4769927466951006,-0.563337835785295,-0.10565650175298448,0.451372313135592,0.4487460196996795,-0.20220339780437774,,0.6487515804797797,0.28149157670734065,-0.2531683854746959,0.026494813772889973,-0.0351605247390388,-0.08330561313906117,-0.1752626956944726,,0.03277039992499945,0.042935279813689206,-0.18080525057319685,0.16292704306523054,0.06829306076139648,-0.24312050617596112,-0.33676117413136053,0.5961237091021685,,-0.16336045196279703,-0.27112682165411617,0.6487515804797797,0.07102248571875674,-0.18939738887539573,-0.26853207441890586,-0.057132309371333095,-0.005620140864582258,-0.08741678673702813,0.16537375000674992,0.1780242559344113,-0.3437064992974795,0.2044382103258397,0.2693974611310053,0.2965636599369286,0.805109219646944,0.9134417478708705,0.028317252941529154,0.2768936491580056,0.6427090121603154,0.643872718615423,0.2617854332723439
speed_median,0.044156492038874624,0.09888473740147324,-0.2422055321155304,0.23789720263195527,0.05167758841871841,0.9782384200432882,-0.10482351687405833,0.524601876920008,0.5543238853048019,1.0,0.09892247778227056,0.9286130825996253,-0.5598034146490493,,0.2841135218845799,0.6699860962371903,-0.7777380837349558,-0.653626626234938,,0.2836267551727151,,0.7278679436249775,-0.5764401304899118,0.5389715940756195,0.1826969240660271,0.5690304654150449,0.9624051820204543,-0.20665331427108813,0.49611916984763343,0.5259788596964794,0.914616062495916,-0.7094136576183889,-0.8848436474196282,-0.6199996123281465,0.9245650399833948,0.9208409739890759,-0.7777380837349558,,0.2836267551727151,0.13414416564658704,-0.14769993739754517,0.006932643733173999,0.06580122228737321,-0.3877558405233973,-0.6312393770472279,,0.053980331776609526,-0.3964540485678736,-0.7042410304346336,0.07599255783494822,0.077596639906559,-0.5327460622522279,-0.7109860993889139,0.22752158200564662,,-0.5966855501334537,-0.6530118227153536,0.2836267551727151,0.023283427645344468,-0.7341089033304578,-0.8110226611028684,-0.29463983793518134,-0.7135921043461521,-0.6957356697415447,0.044156492038874756,0.09758355712795108,-0.35033493165255974,0.2780124598226508,0.7625629691137478,0.8703955095413328,0.8851759294545353,0.6913030337242557,0.19677016294340163,0.8668582453574674,0.2768130143198735,0.2788795325019518,0.03715927028952269
speed_range,0.23512361028666198,0.03699796933816398,0.18563862635250414,0.1910788809113912,0.24724775729783452,0.12758159015773016,0.8215418280300429,-0.49128536286030094,0.6710069797829964,0.09892247778227056,1.0,-0.008377583352839769,0.38177573888033184,,0.4524822635509634,0.11723092655632979,0.1767435587186579,0.28100903571664104,,0.45649870394510106,,0.1834672552619083,0.5956133661248887,-0.3695749121979859,0.5048624567927305,0.4011999105043717,0.1403020227447187,0.7429531813725014,-0.3425529414553233,0.4253662834314223,0.1487117138938963,-0.06832108559553361,-0.06679912710755216,0.18445797486435697,-0.04000994112502527,-0.013675389427066783,0.1767435587186579,,0.45649870394510106,-0.006498513581144345,0.12592930122124163,0.04241247388654518,-0.06553829429285428,0.18675605714189775,0.0894995422929502,,-0.10642633757456425,0.3299372235543544,0.20447182994737703,0.13399582835517435,-0.01979427995807168,-0.10381391359331757,-0.09957036616425165,0.43419715110367274,,0.04150942726338881,-0.02373362857963178,0.45649870394510106,0.007318990884062249,0.25411884612613683,0.17560393493193646,0.20311909115649757,0.5833727165279559,0.5625495996774528,0.23512361028666215,-0.13948884494725478,0.040314461939056564,0.07448825184241789,-0.2890312665576191,-0.1553528900763749,0.449127074661685,0.6450374921816278,-0.08856534771941592,-0.1582211740057329,0.44511958984389793,0.4497662235787454,0.24092440155334288
throttle_mean,0.04047795808061333,0.14345055240622911,-0.22930802114959678,0.177118976961895,0.04928335985851883,0.9452755449986808,-0.265615917691729,0.6038359996171174,0.5048996498502821,0.9286130825996253,-0.008377583352839769,1.0,-0.5838594123252517,,0.3638089288103364,0.7336448053837866,-0.7249510997071351,-0.5919856345796118,,0.3604995256559072,,0.8006177473416033,-0.6503246415155977,0.6164621547870768,0.22216972253409878,0.6259269967951107,0.9289097941529402,-0.34665698781352006,0.5418860085977047,0.5832553820634083,0.8340144809941161,-0.8081481339959544,-0.965070936493666,-0.6134729934810574,0.9786033421727702,0.9568554081598318,-0.7249510997071351,,0.3604995256559072,0.13816583711859273,-0.17219934117296762,-0.01615005571234385,0.1060492771302516,-0.2790691575604742,-0.5305636410432778,,0.10196127613736355,-0.30259021193191216,-0.5965224258689192,0.09749869934128058,0.09989540599682516,-0.40887526622091563,-0.6094840143226822,0.292537089296927,,-0.49616376261194006,-0.5625044987538345,0.3604995256559072,0.021539346069764022,-0.6712119121241674,-0.7373220881595329,-0.2845654033537121,-0.833154963459009,-0.8003467861503566,0.04047795808061343,0.15742543626848451,-0.34158402435708973,0.21936409910490945,0.8495986531909184,0.9051171878340686,0.7881251110497796,0.607536140809874,0.280033306744054,0.9045471762379218,0.3599185625528762,0.36095249444732513,0.040054332949032406
throttle_std,0.005894685801807597,-0.15066961224047212,0.21873118334876127,-0.07731985968484979,0.014564985173747715,-0.5373713988438978,0.491490455389749,-0.3598311671505637,0.10952641078090128,-0.5598034146490493,0.38177573888033184,-0.5838594123252517,1.0,,0.4501769030777573,-0.18316070658012445,0.7299118818699405,0.7963922618808199,,0.4555032307145617,,-0.09646990946023981,0.6906726383241572,-0.30154454274269443,0.4672017312903894,0.1694423690221119,-0.54527562880022,0.5820853458306194,-0.34448479577039787,0.16356938580405797,-0.5162013462712135,0.48999265798822617,0.5353215799797748,0.44465614732801884,-0.5923821069192134,-0.5777646167968284,0.7299118818699405,,0.4555032307145617,-0.16649680037387096,0.08489589609441635,0.005015375753339896,-0.02714586335309731,0.47765495936906266,0.481553458500741,,-0.07853931978594267,0.5590675696832036,0.7516118884568908,0.030060939916875716,-0.05708103290938882,0.6127901927482744,0.5943981168413703,0.5136894497887258,,0.5277597353884852,0.4786785575626546,0.4555032307145617,0.03016691387174188,0.7749648221548099,0.7865740120521015,0.34945004648258665,0.7667386632519432,0.723544461893601,0.005894685801807558,-0.20652784729575865,0.28546350231227835,-0.1210868604360035,-0.6214675392615006,-0.6602074368465972,-0.3210501129856943,-0.06791859918962281,-0.4468561863454038,-0.7820321756238923,0.46242404267403336,0.4584214019678051,0.28538858964063035
throttle_min,,,,,,,,,,,,,,,,,,,,,,,,,,,,,,,,,,,,,,,,,,,,,,,,,,,,,,,,,,,,,,,,,,,,,,,,,,,,,
throttle_max,-0.003433530813519367,-0.020516468280716873,-0.00013837200956477326,0.012892855711618283,0.01141115550574526,0.3378879604065589,0.27138677210653206,0.1809976996147817,0.6469303564680009,0.2841135218845799,0.4524822635509634,0.3638089288103364,0.4501769030777573,,1.0,0.40995418612791706,0.15389463087355587,0.3633637587550609,,0.9929463274596567,,0.7661448557110759,0.1660225421244717,0.26607855124844126,0.876320557307951,0.9057250691948294,0.3192487370461569,0.28735608111907995,0.148430265126673,0.7907940964282247,0.24498440876402072,-0.4525383517468035,-0.46396807356009556,0.11887602512025881,0.2739901084632125,0.2522371829157642,0.15389463087355587,,0.9929463274596567,-0.07243983962753005,-0.01581092316337463,0.0025219415891860933,0.08279747066129058,0.17565707818905732,0.14661261476412601,,-0.018980789257311823,0.3185437980845922,0.23484098017801514,0.15717180095275862,0.005395472839366538,0.2868911635796147,0.17158424514836565,0.9303713684870495,,0.2634906602243524,0.13502242164979408,0.9929463274596567,0.0016957415037102768,0.2401268593963709,0.17820189913655757,0.1504100341139151,0.0034130549642733938,0.03380248872321583,-0.003433530813519344,-0.023736771011318568,0.003129474883037275,0.016499016384403164,0.18083115714278064,0.17450340097406566,0.4120919629211819,0.524801025403292,0.007941596191390343,0.06184398915985773,0.9888141589720635,0.9912209560492122,0.3902146103005181
throttle_median,0.2625823516009314,0.22903547512473899,-0.02706480580016846,0.28333043081074666,0.26351487265219525,0.6920010810652244,-0.022835465805477722,0.5313126469062974,0.5799784822781727,0.6699860962371903,0.11723092655632979,0.7336448053837866,-0.18316070658012445,,0.40995418612791706,1.0,-0.4590457363322385,-0.2853536140666824,,0.4069925667560431,,0.6333422625100736,-0.36435046851317027,0.4927012568015857,0.24161651889123664,0.5734663034315373,0.7125497527134587,-0.12232123741375066,0.5522606178200444,0.7447653853784996,0.6169272126946487,-0.5804221021880286,-0.7333050889805396,-0.359702331427752,0.6930469157833756,0.6645542389050395,-0.4590457363322385,,0.4069925667560431,0.043623844355639,-0.09218792343968614,0.013299945048782926,0.2282480919649921,0.03755462730795839,-0.3234208732391787,,0.07959099596319588,-0.10430904855974607,-0.31581694693237816,0.13351247026774485,0.1790978146634045,-0.3002997904634571,-0.45899991701100934,0.3658985393401883,,-0.38242604813930586,-0.47151529271971987,0.4069925667560431,0.07956723177038884,-0.44429007356960215,-0.4866876792066542,-0.1935837274389988,-0.5408224419545447,-0.5092595070740988,0.26258235160093163,0.11395542737556796,-0.28443632216961146,0.1968872654645741,0.5236972410537131,0.5657969775943661,0.6505587395556489,0.5748913664616911,0.07349752235116318,0.4685572593826455,0.4101016073417364,0.40818687492950223,0.13579529230332632
brake_mean,-0.08055759326502081,-0.1706625707928497,0.18392071161510573,-0.17628754355558485,-0.07779800300331696,-0.7568417477848824,0.3189509266291244,-0.46368175228964137,-0.20220339780437774,-0.7777380837349558,0.1767435587186579,-0.7249510997071351,0.7299118818699405,,0.15389463087355587,-0.4590457363322385,1.0,0.9671576388099657,,0.15016272047830434,,-0.3798084036900629,0.6951634429779061,-0.4473262774674873,0.2102501739963107,-0.14769700613295728,-0.7326387669553902,0.38029463239058303,-0.4205325688179596,-0.17430093936547286,-0.6827545430074259,0.4485582178664716,0.6433635217456609,0.6419587060712053,-0.7630113219364696,-0.7549194392646708,1.0,,0.15016272047830434,-0.17774672844338082,0.14178147881381478,0.014135589160393716,-0.024328817340258612,0.43704932058990126,0.7414971544446489,,-0.02690226230541944,0.5756965190898554,0.8235101942655879,0.013529864442517288,-0.08367505909339591,0.5502129003218712,0.6841869134416322,0.15852351972801235,,0.7689128760444739,0.7679519588779729,0.15016272047830434,-0.001890060836743239,0.8339502982083012,0.8719042563628545,0.3915059292926802,0.712173629705,0.7144547769479491,-0.08055759326502082,-0.1679269201551295,0.3149131835824013,-0.18331336201725912,-0.7039786669037735,-0.7653220901325043,-0.5942475122614734,-0.370752770151428,-0.16738027623203147,-0.7840092031834369,0.15735483925034022,0.15699759458512852,0.2080966034630757
brake_std,-0.06497416201870591,-0.16384221456141118,0.17461159164160442,-0.14529120422572497,-0.058827365337786486,-0.6237006198799839,0.3840098760284405,-0.37492534597228566,-0.01307997155068178,-0.653626626234938,0.28100903571664104,-0.5919856345796118,0.7963922618808199,,0.3633637587550609,-0.2853536140666824,0.9671576388099657,1.0,,0.3622098039007552,,-0.18247834737847868,0.6911633959429418,-0.3473059931874548,0.38523243872993856,0.06968252125336938,-0.5995091332785277,0.4344165180919098,-0.33334414433339576,0.05037147363059559,-0.5696258364748328,0.31655545317489175,0.49141107406412016,0.6296293007624906,-0.6489377614236972,-0.6473374949364927,0.9671576388099655,,0.3622098039007552,-0.167622358764482,0.13886441814666312,0.017816256579389542,-0.026817778189420338,0.4611868779980987,0.7124103487675983,,-0.03094134421149759,0.6092185948811603,0.8262977468088059,0.04340909012855262,-0.06610572647223828,0.5524429954784471,0.6534891096975964,0.3520526671704269,,0.7625596198921957,0.7265097008683499,0.3622098039007552,0.02319626337715371,0.8232909988154625,0.8469480743065257,0.3907540389737091,0.7119569391008945,0.7113051799594046,-0.06497416201870587,-0.1691925964688377,0.28735481904954474,-0.15402059616990063,-0.627192934712018,-0.6840199172227756,-0.4450759529055119,-0.20521322574704254,-0.15629765529458745,-0.7340438095416848,0.3678115202275138,0.3678338207796641,0.31306971299294883
brake_min,,,,,,,,,,,,,,,,,,,,,,,,,,,,,,,,,,,,,,,,,,,,,,,,,,,,,,,,,,,,,,,,,,,,,,,,,,,,,
brake_max,-0.012230166454082501,-0.02009153750481378,-0.0054262050463983,0.00236943383773073,0.002897555552009746,0.33890052278449134,0.27076192385020836,0.1779979676143845,0.6487515804797797,0.2836267551727151,0.45649870394510106,0.3604995256559072,0.4555032307145617,,0.9929463274596567,0.4069925667560431,0.15016272047830434,0.3622098039007552,,1.0,,0.7711005469867703,0.1625481429900282,0.26430401105201723,0.8781459226505827,0.9106208330535369,0.3187717726111923,0.2904444263360525,0.14453834510918936,0.7975596822953304,0.24564854004799566,-0.4541954574929428,-0.46209631241748467,0.11930076907079483,0.2724553791467204,0.2505661375488558,0.15016272047830428,,1.0,,,,,0.17662789031606965,0.1350092452850547,,-0.027260056742496437,0.309601640964547,0.2370927993665878,0.14249322556228528,-0.0028572185128200637,0.2907507481303832,0.17589345210939986,0.9303918454573982,,0.2595224132325355,0.1284739661772128,1.0,0.0035580144141120124,0.2409145104857833,0.1820492100501479,0.14752369841245747,,,-0.012230166454082439,-0.017078548401726238,0.0035978942223118568,0.010491360507811211,0.18388215249521345,0.1770177788741938,0.413111639093347,0.5266887404505889,0.010394233892007066,0.05823666411695454,0.9913307670594127,0.9938235492434129,0.3866430549687869
brake_median,,,,,,,,,,,,,,,,,,,,,,,,,,,,,,,,,,,,,,,,,,,,,,,,,,,,,,,,,,,,,,,,,,,,,,,,,,,,,
rpm_mean,-0.10216632335990324,0.044872202076596215,-0.270202779557811,0.0569507222169572,-0.08467840396268307,0.7856459229478637,-0.08882286712762541,0.5506813748878909,0.6686124241876503,0.7278679436249775,0.1834672552619083,0.8006177473416033,-0.09646990946023981,,0.7661448557110759,0.6333422625100736,-0.3798084036900629,-0.18247834737847868,,0.7711005469867703,,1.0,-0.4156091311675512,0.6443656335524789,0.6621873150597573,0.9362103114942447,0.7359168303417413,-0.08912658131476206,0.42089354132568657,0.7740148032798844,0.637103710490568,-0.7214759791184339,-0.8216110167353106,-0.3444206240794007,0.7486816977917109,0.7295749372223232,-0.3798084036900627,,0.7711005469867703,0.18985327452699735,-0.21859579493812645,-0.018375944754315653,0.0548690429167305,-0.11927667198847859,-0.2851912511993963,,0.04463101544907976,-0.043456020925200914,-0.246890148452312,0.11629410694684753,0.05743667980857514,-0.012455235639829912,-0.213184880519589,0.6983020281170337,,-0.14066223706174838,-0.25301694761479965,0.7711005469867703,-0.006368354946303897,-0.30182217278015666,-0.36188552151533043,-0.13040526641941966,-0.8432609562510773,-0.8922482909127881,-0.10216632335990315,0.1418573292136308,-0.2618957225116603,0.15062350660664922,0.6952585335956898,0.692167543729027,0.7003750119034161,0.6429525913430675,0.1644262833465058,0.597061357716765,0.7643329940499599,0.7668430950588445,0.24513150674471745
rpm_std,0.23461183990365594,-0.025222789415493763,0.3828929566901431,0.043384492603151595,0.23092649389346345,-0.5949351845347602,0.7446107244529756,-0.6764166149063516,0.0729446530581506,-0.5764401304899118,0.5956133661248887,-0.6503246415155977,0.6906726383241572,,0.1660225421244717,-0.36435046851317027,0.6951634429779061,0.6911633959429418,,0.1625481429900282,,-0.4156091311675512,1.0,-0.7181592170138332,0.29157278901633943,-0.08779288199694156,-0.5453136137162437,0.6922623354601519,-0.44813370791408785,-0.06617994761035506,-0.46518016577465277,0.430531670541148,0.5523403759695065,0.6150431657241278,-0.685405393012214,-0.6643385979952802,0.6951634429779062,,0.1625481429900282,-0.18020069557115465,0.16409202952603133,0.026274799293527492,-0.03626052525097665,0.36156094970824915,0.5107226436050945,,-0.07413459490168417,0.5052881672774344,0.6179908840624766,0.07246806534956081,-0.06560115411011166,0.21107712390907526,0.3623132289937128,0.1799401606401019,,0.4255166661622897,0.41698328692655806,0.1625481429900282,0.01969448548034239,0.7332174062982176,0.7055124990497635,0.4248526731965044,0.9160242411007988,0.9974094302687658,0.23461183990365586,-0.2166326857931812,0.29969174244541336,-0.12727908645549882,-0.8343476916877056,-0.7738285588105859,-0.26680984349709186,-0.022740191240749056,-0.22872903275028503,-0.7314651862939469,0.163551481645133,0.16386134130451102,0.1694751368237322
rpm_min,-0.18224924951253801,0.09182923832954897,-0.4230122007025977,0.029789207089347347,-0.16595186059809447,0.5858262807040626,-0.3548197867004303,0.879905998296987,0.3464846954764488,0.5389715940756195,-0.3695749121979859,0.6164621547870768,-0.30154454274269443,,0.26607855124844126,0.4927012568015857,-0.4473262774674873,-0.3473059931874548,,0.26430401105201723,,0.6443656335524789,-0.7181592170138332,1.0,0.1569334208634786,0.464947047566322,0.5213648351966274,-0.35787812978470745,0.545944605240329,0.41734169910387403,0.43425138300099436,-0.48176446339242673,-0.5802106712205222,-0.3951364471443544,0.6008389789742936,0.5752272139218944,-0.4473262774674876,,0.2643040110520171,0.20296252556280672,-0.40402237256241286,-0.016211420318309983,0.04376554548988524,-0.27991858795497604,-0.3356594544637865,,0.16056698498538122,-0.2633285811460627,-0.39494559137783347,0.04666373884825906,0.12032222916013262,-0.09079310281324211,-0.238949631010332,0.22849463329352715,,-0.2232611248043859,-0.2708360607791,0.2643040110520171,0.04673780977948446,-0.474841584932782,-0.47867439719792965,-0.29310089131617023,-0.6480965226025442,-0.8015279583871749,-0.18224924951253796,0.2829828038548081,-0.3918758683557948,0.16666656848789682,0.6775486090045832,0.557974449471224,0.41774481602701,0.31289697288425583,0.15077682534867173,0.53566139183805,0.2700808427701353,0.26677096521295673,0.04413717348355425
rpm_max,0.004718550278463254,0.013604267089096485,4.87987076329742e-05,-0.0041744705235122175,0.018034978671763405,0.23619945419542734,0.3628727634734159,0.0568783531335155,0.598325469234346,0.1826969240660271,0.5048624567927305,0.22216972253409878,0.4672017312903894,,0.876320557307951,0.24161651889123664,0.2102501739963107,0.38523243872993856,,0.8781459226505827,,0.6621873150597573,0.29157278901633943,0.1569334208634786,1.0,0.8233495355859124,0.20870480056754123,0.38775883805122885,0.026917224286222688,0.632413796292261,0.16589763874272823,-0.32049559471051203,-0.31606712489125827,0.171093843903598,0.14386230208894282,0.13689553557298229,0.2102501739963107,,0.8781459226505827,-0.020416457123778757,-0.019658739090663773,0.014635790489199758,0.024055203401263027,0.15087747804133153,0.16985118015588868,,0.010065818992295212,0.3394444626343158,0.2805820915214055,0.15030614910421192,0.020540327028330276,0.2810061366580718,0.20417639016561956,0.8223509261697131,,0.2798990530753942,0.1680495844052894,0.8781459226505827,-0.03508167008163882,0.3319599297593391,0.2641690780386338,0.22742334976060644,0.28500273250034897,0.29174157066117884,0.004718550278463319,0.017191042224032147,0.0005602074611386773,-0.014846004533088776,0.05893372977532124,0.0618719167275618,0.3624406996211438,0.47815934704121216,0.002349701277629641,-0.01683077827159972,0.8756822795051187,0.8767299242799598,0.35191675221058727
rpm_median,-0.017040968233359436,0.036414652535402436,-0.16789287004307285,0.10990902463490934,0.00018300863147193672,0.6252875553443252,0.17337961988275583,0.37767153656541,0.7584941615849765,0.5690304654150449,0.4011999105043717,0.6259269967951107,0.1694423690221119,,0.9057250691948294,0.5734663034315373,-0.14769700613295728,0.06968252125336938,,0.9106208330535369,,0.9362103114942447,-0.08779288199694156,0.464947047566322,0.8233495355859124,1.0,0.5864730828350657,0.14929227636727754,0.3107944327219007,0.8342232055087927,0.5054095822215405,-0.6237029919928302,-0.6854637029470043,-0.1407425350879606,0.5550088461646077,0.5391112142360163,-0.1476970061329575,,0.9106208330535368,0.158020175761974,-0.20518063359696323,-0.007351948858587421,0.060175363532465984,0.01296486160041505,-0.11673284149193132,,0.01649103977417314,0.14415379637281608,-0.029164554719127652,0.15331187079184355,0.04456344612655529,0.07304917293949863,-0.09070417471560158,0.8353229006798916,,0.0066558650408537895,-0.12130521125345643,0.9106208330535368,0.013867382361725154,-0.04901500842764807,-0.12191605816143383,0.01425248410711487,-0.6045714260914556,-0.6271032635063656,-0.017040968233359315,0.0674884180268596,-0.1999616189473476,0.1488936175755146,0.44595049549871285,0.4522684466014816,0.6509945788665075,0.6851786318853067,0.0873665236103461,0.36239835180591945,0.9043930631666054,0.9063820498201074,0.3335559965323713
gear_mean,0.06418092975341946,0.1762946637186509,-0.2407163590198,0.20078878520545607,0.06949445418849093,0.9788628696517265,-0.10402146423258282,0.5384275349193935,0.6111646675170577,0.9624051820204543,0.1403020227447187,0.9289097941529402,-0.54527562880022,,0.3192487370461569,0.7125497527134587,-0.7326387669553902,-0.5995091332785277,,0.3187717726111923,,0.7359168303417413,-0.5453136137162437,0.5213648351966274,0.20870480056754123,0.5864730828350657,1.0,-0.22203083022293124,0.5491954159725638,0.6125453209185174,0.9151466252110702,-0.7446274493035105,-0.906110603981999,-0.5626433680352332,0.9124774881383376,0.9062697144865475,-0.7326387669553903,,0.3187717726111922,0.2172446385012577,-0.14252519662704247,-0.0007965761936184182,0.057534357529601364,-0.3511372706160388,-0.5726302459860007,,0.05847727590566715,-0.3713465311440324,-0.6646934500411298,0.0577315075082203,0.084356908677454,-0.5068900158086118,-0.6720313217686896,0.2558132279457383,,-0.5457334664378418,-0.6137307720429475,0.3187717726111922,0.026767323570855494,-0.7266511737316498,-0.7989468143369983,-0.2785601243849019,-0.7233896636961099,-0.6754069880174085,0.06418092975341962,0.18628920822376496,-0.37162514140998143,0.22618792063294482,0.7886036860504506,0.8811078051925025,0.8870046761193469,0.726113440456514,0.20881232189585855,0.8407700418456365,0.31090552209664074,0.31331981135912795,0.05338053997943533
gear_std,0.2420595403566912,-0.014975192916408473,0.27361233528130957,0.1601556655665459,0.2539422401514003,-0.22963824853624298,0.9210254149979308,-0.4929186668440321,0.38963575813401435,-0.20665331427108813,0.7429531813725014,-0.34665698781352006,0.5820853458306194,,0.28735608111907995,-0.12232123741375066,0.38029463239058303,0.4344165180919098,,0.2904444263360525,,-0.08912658131476206,0.6922623354601519,-0.35787812978470745,0.38775883805122885,0.14929227636727754,-0.22203083022293124,1.0,-0.4666947399279575,0.169756529453322,-0.1100228519191063,0.26510312831038096,0.2806767140262412,0.33407447523503736,-0.3585199707268042,-0.3185523140893859,0.38029463239058303,,0.2904444263360525,-0.227212760947456,-0.10411570152786924,0.07871228744029132,-0.06960172095360347,0.39028780407970676,0.21637109090735793,,-0.05599284511405745,0.47685968774628246,0.4120581638414223,0.17339613406365592,-0.06002563809531067,-0.00885376131447957,0.05464406927839737,0.30288297923251234,,0.14551295709694512,0.11345984127486639,0.2904444263360525,0.04062787656063051,0.49421310844695154,0.43383206859630646,0.2402569773961032,0.8354004263695667,0.6679501469888038,0.2420595403566912,-0.22081784131721668,0.15591277245703822,0.023541120779678928,-0.6524448181244801,-0.5444069498778537,0.16459716939104266,0.3954290986162713,-0.22867528575585458,-0.4704085259068546,0.2717840272398798,0.27632053372295545,0.199069611744202
gear_min,0.04684469951468306,0.27361128854579714,-0.2774913080816858,0.11870405140751818,0.04174996916471088,0.5252799953086181,-0.3019446113598789,0.8227522522683134,0.32726459286675796,0.49611916984763343,-0.3425529414553233,0.5418860085977047,-0.34448479577039787,,0.148430265126673,0.5522606178200444,-0.4205325688179596,-0.33334414433339576,,0.14453834510918936,,0.42089354132568657,-0.44813370791408785,0.545944605240329,0.026917224286222688,0.3107944327219007,0.5491954159725638,-0.4666947399279575,1.0,0.43710980092631657,0.4580200371579794,-0.4600823701230698,-0.5450638383505623,-0.24019808176443774,0.5022403272681721,0.462277890956948,-0.4205325688179596,,0.1445383451091894,0.21646328343543592,-0.21510710965539054,-0.024377214887102462,0.03712138329424677,-0.31202353471834027,-0.26605642441774735,,0.1377068295104224,-0.3807779895911743,-0.4659971832787254,0.0004444319741909382,0.11404034911806633,-0.23526275562662774,-0.29972665038099516,0.1106694647752282,,-0.2544429458660922,-0.29994167371674574,0.1445383451091894,0.06196817388438488,-0.5330446008735636,-0.5292636613956968,-0.28871535026816564,-0.5771327739776116,-0.49614171517239697,0.04684469951468313,0.36204900141716695,-0.40664641026401444,0.11616324346171979,0.5738256163300404,0.4912910551482756,0.37707866722566435,0.2608706597771874,0.14885703112453497,0.44618433549235764,0.15383753124098964,0.14983054740119817,-0.007078832806393811
gear_max,0.15917856998702037,0.18343118180683374,-0.04338456618759822,0.15870282757851,0.16771713241625208,0.5955361608183767,0.23338186748420814,0.41764354056448616,0.8188434713273431,0.5259788596964794,0.4253662834314223,0.5832553820634083,0.16356938580405797,,0.7907940964282247,0.7447653853784996,-0.17430093936547286,0.05037147363059559,,0.7975596822953304,,0.7740148032798844,-0.06617994761035506,0.41734169910387403,0.632413796292261,0.8342232055087927,0.6125453209185174,0.169756529453322,0.43710980092631657,1.0,0.49490469782165136,-0.5740485698605691,-0.6647147071465535,-0.06366430224298238,0.5036335269836173,0.47500054256451424,-0.17430093936547283,,0.7975596822953303,0.3022069764718081,-0.040654457676981566,0.008271378860057382,-0.00021698823488756615,0.09524157485896473,-0.12033340596966717,,-0.005611358939446802,0.08838118808116818,-0.07284455260831178,0.15044824508287838,-0.012501348615952227,-0.05255211049836637,-0.18286339759183504,0.7270425989416395,,-0.09132634231003073,-0.22421216094543572,0.7975596822953303,0.07312423654065538,-0.1549775021159185,-0.20674355324256627,-0.062261188370851206,-0.3678028328161852,-0.3556197545020289,0.15917856998702054,0.1376711167903621,-0.21155252628175575,0.10250680761358913,0.3889136934534519,0.3990598388078962,0.6445751475945151,0.7180434813640587,0.04612463690020032,0.26234833049365336,0.7885214063314775,0.7882063864915603,0.29709605229154085
